Hola, soy Marta García y mi correo personal es 109 97 114 116 97 46 103 97 114 99 105 97 55 56 64 104 111 116 109 97 105 108 46 99 111 109 . También utilizo 109 103 97 114 99 105 97 45 116 114 97 98 97 106 111 64 101 109 112 114 101 115 97 46 111 114 103  para temas laborales.

Mi número de teléfono principal es 43 51 52 57 56 55 54 53 52 51 50 49 , pero si no respondo, puedes intentar al 43 51 52 54 53 52 51 50 49 57 56 55 .

Actualmente vivo en:
- 67 47 32 77 97 121 111 114 32 52 53 44 32 50 66 44 32 66 97 114 99 101 108 111 110 97 44 32 48 56 48 48 49 

Nací el 50 53 47 49 50 47 49 57 57 48  en 65 118 100 97 32 100 101 32 108 97 32 76 105 98 101 114 116 97 100 32 56 57 44 32 53 65 44 32 86 97 108 101 110 99 105 97 44 32 52 54 48 50 51 , aunque en algunos registros aparece como 50 53 45 49 50 45 49 57 57 48 . 

Mi DNI es 56 55 54 53 52 51 50 49 66 , y mi cuenta bancaria está asociada al IBAN: 69 83 57 49 50 49 48 48 48 52 49 56 52 53 48 50 48 48 48 53 49 51 51 50 .

Mi amigo Pedro López tiene el correo 112 101 100 114 111 46 108 111 112 101 122 64 99 111 114 114 101 111 46 110 101 116  y su teléfono es 43 51 52 55 49 50 51 52 53 54 55 56 . Vive en:
- 80 122 97 32 100 101 108 32 83 111 108 32 49 50 44 32 49 67 44 32 83 101 118 105 108 108 97 44 32 52 49 48 48 52 

Él nació el 48 49 47 48 49 47 49 57 56 53  en 82 32 100 101 108 32 80 114 97 100 111 32 55 44 32 55 65 44 32 77 97 108 97 103 97 44 32 50 57 48 49 48 , pero a veces aparece registrado como 48 49 45 48 49 45 49 57 56 53 . Su DNI es 50 51 52 53 54 55 56 57 90 , y su IBAN es 69 83 49 53 50 48 51 56 54 48 48 48 48 49 49 50 51 52 53 54 55 56 57 48 .

Si necesitas más información, no dudes en contactarnos. ¡Gracias!

